non euclidean
100
-59.5102424123 26.6440583829
-24.4352840914 26.7502230269
-59.6290976848 -69.3726758742
79.9278510306 95.4617831038
47.5688636981 36.7302015305
-48.7801148523 -43.9531300126
-43.1563772612 94.6698720642
64.8235569709 -19.9659464023
-56.6271970935 20.8701490504
-2.68667273501 89.4651136094
62.9441626292 25.343759839
-73.9245382403 -3.6920523098
48.1773715064 -50.6853087418
61.6779641569 74.1464732599
25.9336678762 64.6975679105
68.9885548817 -17.0930893848
-16.5441248618 98.1893136405
-3.2087157143 42.9785729989
-23.7815602084 49.8804223736
54.7941107528 96.4639559616
77.3472964115 -16.0598029187
-56.2089501367 -75.0895382563
95.8605491284 -91.0356143687
88.037992732 65.8736387348
-72.3120423017 12.4720958463
-62.0810486674 87.6503213428
62.2442956139 -26.2748557778
-32.6324736126 -75.1447571332
19.8155436065 23.8761443135
18.6148536261 55.2182161547
51.7048985609 15.8510169778
-36.2755161182 -52.2875061356
65.0051993601 31.3490965598
35.8871207212 63.929181226
36.7156323163 -4.37842303789
-24.7723434277 -21.4071896318
51.8138124138 41.2659098362
78.2025893651 79.8391035913
-53.513704773 -64.7693014226
-63.5477344974 -80.9902035244
-61.6205424997 69.6349106229
30.4866097927 59.7348811621
75.7645548192 -98.4553852878
-63.4395231544 32.3565512996
42.705428845 1.57467320051
-1.94706145029 -30.4669526335
-93.4100548298 87.1617726463
-58.1288053455 7.70980008268
-51.735034289 -16.0778580366
-37.2152031316 -46.0054546399
-85.1709070175 47.5728558597
65.9604807765 66.8734064175
-15.4002423549 -84.1535742
-80.6490178487 -93.274828995
-36.114466031 -35.9327079944
73.6999535694 -8.55726060939
91.1334858438 3.88131784004
60.4127855191 97.0057510487
42.8222075208 15.0050877369
58.5548284146 37.2917720846
25.914037509 28.4555270741
-62.161877123 13.7784096989
61.9236767713 -6.78644721689
16.0376743471 21.5459372064
-74.1872132291 57.0829200566
-65.1346749652 -37.521032004
1.0034249182 7.00981709537
67.8766887151 -29.9047866909
-64.406733417 68.6775309341
-35.6533382972 6.77336895503
-60.6927000874 -0.344028296409
-15.1643285865 -31.4991755898
52.9974421257 -40.1205664276
42.2991145045 18.612780667
-32.4578702543 -56.7119884017
-67.9315184271 -62.0725939233
15.1440388095 18.5770788298
-94.6444627836 -92.0490006466
-69.3100671264 -79.8332498623
52.9779797487 -69.2237441586
1.56351164006 36.5923040238
-54.0584704223 6.04446902952
-3.97971967278 70.7527218985
88.6584988086 95.8314991986
-31.0203854536 77.8128979583
4.8630920717 88.016683519
8.50968554857 -96.3815436824
59.9400140305 -16.6857238742
82.2959259665 -60.4479406585
8.93825091367 -54.4461674148
20.7993989635 0.750855991306
18.0383930603 50.4751787177
-9.36657861797 97.5789286579
-37.3190436123 3.23441695819
94.1973489476 47.274629873
82.9641293286 -29.1851048645
80.5957747479 82.0507209904
-25.3632900727 68.8051880353
-5.6352352593 71.1990164886
-77.1798147791 -89.9586648155
0.0 108.990884447 100.130179445 53.3976247399 103.762200657 61.4733257551 63.7282261094 98.1087584494 103.307784887 73.2717212577 90.7935261011 149.971469368 73.4932999855 112.601719051 58.0859125393 148.002381179 80.5901261675 66.1866731178 89.5417834062 65.9734415194 104.551837384 116.497367624 106.444769454 66.7164949935 111.679152171 70.6559419472 148.103655013 99.3000124922 92.9014190865 102.831088312 105.218397787 115.074927258 93.2889938502 125.304808501 115.476209185 122.420027009 63.8868599752 127.879226395 91.2816680212 84.8913350772 120.739931075 83.1569876039 140.587869932 82.7493298588 59.6416594776 114.401903584 51.8638138559 71.1832838942 67.0611927499 96.421395477 120.530671365 54.2019102448 65.6116070276 126.248547767 79.415151791 114.96104446 77.2223297454 77.2057736727 144.291198726 93.6992764356 66.2209660861 111.471356181 75.8090304819 136.331299052 101.883543977 65.37580744 132.161118536 143.935355527 117.263340389 114.072954178 95.1435699373 107.480520918 119.873802761 122.025450601 148.064439186 142.147954791 83.9430143134 114.995807747 141.804736425 107.207658774 85.8159525652 58.6715153868 62.2903823918 91.9708122008 121.482715839 125.634026844 123.315279455 77.6567583028 64.0744270305 112.372401787 145.831282418 87.6475321855 131.868904131 140.628333617 143.29479736 91.3962684121 81.2682210945 94.3254685204 128.512098571 122.550028056
108.990884447 0.0 94.5308042651 91.239882212 115.195185767 135.052497689 124.573829088 68.5315428783 73.251045777 114.661227006 90.9381439742 145.864410954 64.0498253877 79.2554321953 125.203853734 104.188074377 50.1298437913 58.7630365854 146.950861013 95.6820322163 128.570369385 113.537810538 91.3572093259 110.217785898 129.42023952 108.342756827 107.43362484 99.7153241818 90.4435178995 90.7091240569 142.467425622 55.7079516603 60.7091790347 105.01450343 75.4802039507 133.359701114 90.5419265555 113.406025925 123.500737104 51.8322207988 105.726804283 74.5298450436 84.1419799454 134.150595859 101.746218041 85.7246503259 93.3398019701 126.866968283 85.1158196906 50.4729220818 86.791435866 147.013429681 143.210212223 100.954474603 57.3271603264 99.3768016311 62.4403393771 117.993604695 62.0206259074 95.0510793642 132.059455479 127.36741723 145.863617215 73.5284138399 142.536883416 135.749759289 136.230174572 128.959177499 106.826158264 136.054498363 133.704012983 85.5989537992 74.1584882339 104.063975417 59.8190411556 120.552449541 106.820916265 60.5707119541 135.901571933 70.554433319 135.428245815 54.1893429762 115.495002567 103.262426771 122.517042319 128.167710589 140.247897546 77.0839677927 73.0340928532 61.6451156663 141.928653621 126.383278093 51.1230613922 118.352978248 70.7327030916 66.9082408064 137.465673041 61.6521731047 115.461611973 130.17079501
100.130179445 94.5308042651 0.0 147.697440449 108.943913354 100.015726714 76.1647900699 126.16725062 136.978548237 55.4698936712 76.7780108035 144.697885229 60.0376230091 142.733924501 120.679212254 58.5698063233 57.1670293603 102.619187745 82.4579068815 120.541461475 117.747175256 66.5852949547 118.947555749 127.489499253 66.968552995 120.176772065 109.45070082 97.3336133668 78.3779757344 84.6736907812 139.601984264 96.5263695252 102.074732051 126.625752929 94.5298021223 68.6318423224 62.4257455815 50.5238320047 111.606364308 60.7408182873 148.953918571 127.981200105 62.0772220409 132.650059547 123.37241578 51.6277717193 90.2609818749 82.30939053 133.475115037 76.547517327 105.402165092 52.5602454896 110.360203671 105.111318734 145.915175226 55.3118910385 74.1396466532 75.3537233891 110.703675193 141.343522374 101.495674843 56.7517254459 129.176196741 108.623154089 134.651605277 85.2569639355 136.841002382 67.162155013 118.47880995 94.4491749073 144.741438051 50.0115878022 54.2328593029 135.37820053 77.9497779623 72.5996793319 139.288380436 101.866493622 111.378998548 60.3370347802 54.3856130529 89.462133386 57.7184402865 51.9994621356 141.037840704 57.4572032183 104.803016895 100.139955676 55.6486351727 147.424125962 125.285150071 149.254127642 105.384387695 140.532151132 140.633505092 62.8314489899 94.8663523006 115.171174968 133.055667243 148.73245183
53.3976247399 91.239882212 147.697440449 0.0 70.4454310366 124.009988678 93.8718366173 104.975462742 95.4667810995 81.305523878 55.3176094472 97.1435215992 98.5083524356 113.382392633 58.3573309963 83.1065595349 118.020623201 124.845800687 103.200978 67.3872685872 101.411181577 85.7449445643 73.8202702185 136.175629561 56.0726101975 145.960693204 88.6645103769 52.686442179 93.3105474219 65.979482672 141.832624056 59.5382326708 88.6451835591 128.046483473 54.221531203 122.496101389 85.1672472427 139.852977176 67.6723240051 149.46753439 90.7325279966 138.326826179 85.9847869288 61.9387136172 116.246568465 103.765436346 80.5893993119 113.239789604 86.1423571374 90.320974168 106.127339356 57.0613075024 118.495951311 145.31576858 108.643369475 94.2684774687 84.9685799227 111.313190972 55.0977412619 62.3811275528 143.750085726 132.186325723 57.0096848828 107.044359316 122.684985621 134.098064091 144.562719999 66.23207854 106.677533764 129.857399269 81.6288560553 91.8596629688 78.1480957655 142.735225491 131.079282532 116.733125505 63.548419322 141.175308003 90.9745564278 92.2063874115 92.4716549781 113.58360216 112.287530841 129.108470121 116.785301057 131.339536845 134.050533082 88.9647907802 91.7406851011 116.097421662 93.5117884238 91.4779511338 53.5869081961 60.9055266114 100.117498664 72.9595800934 113.259908868 67.7683661656 133.159251459 63.5558043802
103.762200657 115.195185767 108.943913354 70.4454310366 0.0 55.2508528107 80.2497145986 114.155250035 113.629518208 125.783216103 130.304431973 137.695255845 100.198499262 120.843248814 75.9491516388 93.7268889896 55.8072030404 71.5490074321 73.9830942223 71.1322195683 65.1959614594 140.805964104 86.0906931172 63.4702330331 133.81900161 100.698307527 105.273627056 135.011691506 63.6606555723 65.3051662938 85.6030320346 137.708806389 144.859765507 133.319044398 114.358224731 59.562228172 125.999325061 101.809598232 129.839118471 106.970381319 137.167570003 77.5235006192 118.063484075 99.7062501378 74.1116074182 138.644647749 85.6638369609 100.820712361 115.004791034 59.2155349439 85.0625796314 55.7947080457 91.8993430027 128.54416672 116.056716759 69.0327312479 114.409550299 84.5229301529 129.917557029 61.4044825292 57.8922475332 82.3122513445 81.2814391476 96.157502557 64.4896299016 73.9489266416 76.5458148573 97.817630239 116.552192098 113.998454224 66.062410104 142.925299226 91.7453759331 81.190948605 143.421981395 119.969635046 94.0063336476 144.034603596 89.2099559462 110.838693747 115.775071953 50.3976867539 116.823475697 115.32427799 52.0526692117 63.4535415699 134.368336718 111.016362923 140.332250661 83.3263269167 66.1885796068 110.002140779 110.220161976 103.049899727 91.2218617008 69.8970146718 149.535144333 148.13317109 121.297561888 134.356350291
61.4733257551 135.052497689 100.015726714 124.009988678 55.2508528107 0.0 81.7535038518 134.46454086 74.2566990679 128.743875132 105.956410726 137.093776338 144.235650845 55.733610525 126.693467104 145.211409713 96.5975844105 143.316383694 140.087928807 111.23478526 54.5880877333 116.115190375 60.8464970319 86.211741541 87.623740888 114.142283909 58.9883515212 135.668523687 64.9050236736 147.080202304 79.5649847673 141.536448378 87.8634308744 90.7488392318 106.801789655 119.847139762 68.4728698146 112.439402842 77.3530211829 134.029847005 101.81770708 145.508930569 108.279714216 134.959452014 113.33347087 112.740113095 142.269604593 85.284730793 127.187310638 122.274266207 133.87627293 109.842516429 146.494672188 60.3970561354 119.074839053 81.6367958037 117.288881138 111.816981439 91.3733417874 137.441407295 118.56808514 135.390715139 125.467457028 103.720731309 81.7459398825 61.7680738275 53.0783681353 125.630349991 86.7528011378 66.4442373566 137.715016991 60.3427696923 128.448039766 90.3892967803 81.5437641795 54.0804851493 124.902203939 115.697695207 97.2326273413 75.2255253702 94.0691899996 138.58188773 56.4017909018 145.793460213 120.915189354 85.2278104063 53.4926199248 61.4853133263 131.063464629 53.3857411331 84.8638374104 148.582423939 129.388567353 148.388450356 109.550353271 93.0702571766 108.669494888 61.8519072619 132.202126371 113.783564903
63.7282261094 124.573829088 76.1647900699 93.8718366173 80.2497145986 81.7535038518 0.0 84.1550774955 128.1552994 122.751503951 118.074298254 140.731150289 73.6800217357 50.9286148188 125.714823269 85.9641759978 122.179181551 67.3608671415 138.878232888 110.433663512 119.365106964 83.5016332638 69.9899198888 87.1655842685 60.1098087869 56.8977001302 112.013199098 90.829580269 130.640076139 94.8333074718 137.864178354 135.72838224 72.5245643872 88.1547152221 65.7154806551 121.20801869 104.13546407 72.2243995181 79.9536986099 123.69330567 83.0127545694 113.625629578 143.745040491 127.485682089 67.8701424289 92.7128143996 97.6873436328 98.6109827787 59.8905248581 138.047750389 122.684564837 111.534030864 69.0508544987 122.222510539 71.2058490001 139.134829865 87.1225419997 67.1580132498 86.8400282143 57.8250811299 103.876838101 125.822188692 83.2673325832 143.946239867 75.1269517787 141.458701947 110.959912352 108.707828874 140.994335411 61.5816509129 63.8153764256 61.9172713765 98.3129494061 56.4442741515 73.6682229344 87.1760466034 66.8977571828 101.398009381 66.8724173021 134.216694118 144.215512738 76.6237530001 100.873534135 134.603352774 55.828532493 112.464137947 50.604289357 143.724276394 85.5963403158 101.261323454 53.6557397911 146.192301736 120.37602156 122.24772112 56.408160995 132.386214053 92.7646967172 131.407831911 68.7770564088 106.059677333
98.1087584494 68.5315428783 126.16725062 104.975462742 114.155250035 134.46454086 84.1550774955 0.0 134.94241468 120.047703061 143.113292064 118.011327699 98.2113346121 72.4538136925 74.7086041852 131.532469016 130.768355824 69.7315987003 79.5640386664 85.8913641002 134.993894334 85.3429092189 60.5615908686 111.514914453 65.4428565937 82.1948785455 95.7010016671 69.329064373 105.50096743 53.0828942484 137.78380657 75.2166517668 81.1532550234 111.619278928 62.3065391604 61.9174622193 65.179610384 63.9920690549 148.624795623 87.8086975529 135.742349199 103.577420384 93.6452591853 87.4279794818 54.0424434352 67.0683689228 105.918363535 141.406370519 146.717421141 125.337246947 63.1399652772 113.452211775 114.091801878 55.9199545707 72.6254780362 110.574245879 128.10284143 86.7069892793 142.095092014 121.161872961 137.731258268 58.6279757252 106.388858296 128.261894562 110.966586208 53.8219296712 69.0487951865 127.056040541 50.5369670822 140.119605203 114.563259301 54.0626039011 125.28921533 59.1328205379 102.774385251 95.4093315101 73.077016925 100.390287926 137.255746047 92.1264510788 53.6017253476 114.876825102 82.2438982415 107.013199768 102.099879018 140.177591724 111.099545744 128.439215494 144.488966425 117.233676354 92.1499402476 56.9746672582 141.109090333 85.7566238847 138.365895977 143.245382896 110.213310693 148.236351545 93.8931120363 139.540889033
103.307784887 73.251045777 136.978548237 95.4667810995 113.629518208 74.2566990679 128.1552994 134.94241468 0.0 87.8825236868 127.454194783 129.712100724 122.163496716 120.094891904 118.325822099 136.612349798 57.0807553655 73.2569037112 103.127571755 147.633487967 61.3888913961 97.4074826849 133.636174215 89.8090332554 112.073538409 55.9438431356 77.0176268588 135.359841088 117.464834437 142.457749106 124.8580944 127.780819906 133.01384768 148.432441649 110.707930497 60.6912265819 142.108262846 51.6461733051 128.111902697 79.6404708824 93.6385779127 106.338081538 121.683959652 140.86693024 134.819707095 101.76758946 55.3328151416 88.9303642655 109.051425552 141.471895269 74.8809723821 82.9543346274 79.1447311671 56.6241243663 96.0708005842 88.9659648672 72.6478878445 95.1386296761 80.6438072488 136.642203893 102.397840731 88.7282897088 143.996251318 91.0675284245 70.3412984568 86.5910273207 94.1453072552 95.2007759653 131.872403254 97.4064256523 92.6391610402 100.030240645 69.5326907275 72.0358862661 83.6628187753 93.1644654775 148.367355818 102.982685742 113.888663136 137.241010721 143.057641138 75.7880105787 141.157400377 123.525500156 95.1655846129 97.4589036979 64.3995383997 135.693025965 52.6043628655 68.1861089753 119.681412215 50.1072920506 128.569940336 133.298283359 128.216133035 126.065411326 115.327510293 117.368122146 107.922084253 131.315931426
73.2717212577 114.661227006 55.4698936712 81.305523878 125.783216103 128.743875132 122.751503951 120.047703061 87.8825236868 0.0 53.6623295934 105.866258168 142.57404287 60.1409998061 78.1202929648 119.607466422 111.719452295 136.648898165 137.382558027 124.564077819 108.589766159 68.2871783486 91.3466124025 53.1010588122 129.221519995 130.037841474 53.3110083768 85.3675960413 129.895539965 58.2023870811 81.5852698498 115.767675191 116.78492533 95.3050344519 94.2341082161 54.1816048725 141.515573726 123.577403684 140.323451297 52.8839984463 63.8944083255 81.8013067939 115.898092112 55.3948295581 73.1754827688 143.065273292 87.7156791801 94.6701222023 105.619137372 147.395523788 70.6684320907 101.181665364 148.011904706 85.048444766 102.89884492 87.3589389463 94.3766256346 145.378314202 76.1049311447 70.9644163955 75.8239286004 115.944884126 51.3577082453 86.4442737319 107.983429265 106.413239312 139.354193537 58.2420959071 57.7386060597 145.692130356 138.882479742 128.482608893 90.4832600336 113.388527961 53.1155435756 57.6272963827 114.74641684 136.892050828 132.693245436 127.720846253 60.5379490678 51.909114955 143.231478552 76.8877699982 58.8687125409 57.273742009 140.280478625 106.808936875 142.60639469 141.29152061 114.647783949 72.3055890223 102.41819045 131.406649412 114.850555347 82.0161685356 75.3679486246 70.3242881772 65.8668689639 104.753061085
90.7935261011 90.9381439742 76.7780108035 55.3176094472 130.304431973 105.956410726 118.074298254 143.113292064 127.454194783 53.6623295934 0.0 76.0417616023 116.501354318 56.8316020058 73.751222407 89.1487147162 71.8556512445 67.1844728832 81.3066975895 147.449576165 70.542884743 75.9808874372 101.500090427 141.804821213 129.962934288 85.1702129638 140.294536611 100.947864253 118.503556651 144.960268424 148.027899506 120.032154571 52.9993279697 101.925391491 123.471693634 52.9954151254 86.0708324149 75.4461248708 72.5682815795 130.625432791 74.3678297437 90.758457427 107.021231173 114.951848584 124.475209145 56.0261212088 133.481454304 69.8053807117 114.783164443 95.2299699781 83.7538480915 77.774871484 121.708888318 73.5592447003 83.4397773261 127.738848964 147.342968352 60.4251167606 137.13143279 61.7812461167 73.2466084375 108.587677555 127.877640276 135.499730701 92.3244979072 88.9513629284 103.985721611 65.0819890009 131.262339446 145.992119023 99.9798320902 77.8957501412 69.0200065794 145.266611248 106.8150349 143.536220997 111.572867797 139.553478121 133.017311611 129.939950473 149.508152237 51.1070078889 124.450847017 124.602836195 139.481532788 97.1576106381 74.9710136587 137.481884808 108.501576652 142.079945829 120.531008793 135.793834667 85.0578305273 141.211942776 124.440234618 120.894521688 86.9118427078 79.3927611514 65.1048556733 92.9783346691
149.971469368 145.864410954 144.697885229 97.1435215992 137.695255845 137.093776338 140.731150289 118.011327699 129.712100724 105.866258168 76.0417616023 0.0 129.146064125 97.5608763975 65.5804364472 75.3814395581 131.447023108 145.296950898 90.3720455721 149.925185064 54.7904956455 123.532378618 139.3685379 90.0363561307 79.2607823137 135.554105573 88.6834330587 129.152023914 122.150664194 56.624776232 104.539674904 130.308324195 86.3214492229 116.993581682 62.1711277828 74.4798549911 69.9718608375 64.4655350145 144.862170671 142.277372518 129.992224593 53.1053560202 147.033134003 89.8143051993 76.3477626557 137.390604772 138.902676054 144.043863128 103.41574949 75.8907588928 70.9261501619 103.07445888 90.1187018333 80.6591895588 85.1660863875 129.539709061 108.470734525 58.19101711 51.6013941629 91.1515112977 119.875889433 74.7501037729 119.714261895 144.420008576 60.0034522923 139.339713212 125.504906022 137.949032353 120.061127432 78.149453377 60.7923096819 84.3185893092 79.0928328188 104.906248715 93.2894292111 67.0117587581 64.6413990967 76.1636236115 74.4342929817 114.434918696 79.7630300303 56.963891505 144.431664542 58.6142888495 109.710022247 59.7157843209 50.3386603881 59.8982009294 104.095216635 53.1706568518 115.638092394 136.228246548 73.2112889312 79.7072771331 132.573724716 73.263943777 138.410788927 84.3000755919 110.878929945 99.1004123579
73.4932999855 64.0498253877 60.0376230091 98.5083524356 100.198499262 144.235650845 73.6800217357 98.2113346121 122.163496716 142.57404287 116.501354318 129.146064125 0.0 69.8827821438 50.2816437381 67.9396479451 85.034429535 145.351169106 148.951956757 108.670005819 134.698132989 55.10324545 143.607108119 95.0066242179 142.629166464 102.266179834 64.7511769688 50.5154427401 143.135657061 58.1754432891 100.465725015 120.765615157 123.742542152 79.4321845819 60.9799116379 121.644196542 109.284721617 66.0455153424 146.229438783 70.9315147364 129.826806204 90.4615928317 126.683973803 120.810417848 125.756523087 88.5901915425 122.865605676 77.7427890576 136.963405876 77.7458651529 70.612924216 78.0077953198 94.2928326466 131.399492815 134.137537399 79.1117434025 58.6098866145 96.2601041511 149.774369257 138.267227881 72.0693827812 132.629593741 83.6612149727 134.378271575 52.9002494924 109.886809705 72.5985049272 115.738003095 145.702581357 53.2309134407 120.797712487 111.537982144 81.7144207938 78.97194691 90.0920241689 122.178941059 76.8458135044 97.5006995059 56.494471965 141.93469826 132.585846078 55.4800412215 67.2333106425 127.837035102 121.660448001 79.7740080299 70.1528800967 79.4215332869 86.2927454843 78.8974014164 54.7897623091 91.9124088952 96.5902605235 65.8467234333 137.166330338 56.9629482919 62.8031611939 86.2642506027 67.7576373709 50.4688269378
112.601719051 79.2554321953 142.733924501 113.382392633 120.843248814 55.733610525 50.9286148188 72.4538136925 120.094891904 60.1409998061 56.8316020058 97.5608763975 69.8827821438 0.0 110.258235814 73.8227211381 79.370076812 139.902680036 111.521891765 68.6727634668 92.9531200714 50.3038829443 133.718969286 135.935549806 69.2214208853 56.4769527234 103.633861683 57.4335556754 149.486406949 143.405096904 108.285621246 87.4680335129 146.873009425 147.048332534 100.924865654 140.670824484 125.196721556 63.6553829729 118.5723562 99.1907955319 117.112392949 91.030450577 66.042584649 113.925191238 51.0072307733 122.211286377 149.024154246 83.3733925313 81.3022769987 81.4699725415 83.448051763 100.167388081 112.248421463 56.0240122231 136.143516869 80.7790997712 125.696695686 99.2183690592 143.755500058 96.0439354438 109.28285246 149.765048029 137.909223821 132.948056537 145.903588092 99.7518273594 117.773193429 128.857717418 59.8741306395 106.07123797 100.864855335 136.233300781 99.1602878618 103.174462388 128.270506705 98.434712536 74.5319073566 128.423781939 51.4723946554 107.467108968 147.582479067 115.418416157 125.547732745 129.011694454 71.8338728383 74.9369458705 86.9969576294 93.1523031188 115.689906969 78.3781832524 124.510325138 74.0434003749 92.0797001699 110.024995668 147.719750074 101.308428425 98.0714365029 64.3748208657 146.101439379 112.716007808
58.0859125393 125.203853734 120.679212254 58.3573309963 75.9491516388 126.693467104 125.714823269 74.7086041852 118.325822099 78.1202929648 73.751222407 65.5804364472 50.2816437381 110.258235814 0.0 93.1740044755 85.4620641096 131.835010463 132.54630095 63.6447917953 69.1590739867 86.7968735067 90.8665999475 95.7841993421 90.939398236 103.155759466 126.987504273 123.116201958 149.005702215 89.3258643593 73.5674163715 84.0837610617 123.006144618 61.5938797259 55.711427388 91.0965175176 51.5345196715 74.4480556612 73.9511664031 116.957483956 100.419276126 57.3242864251 63.6530267091 85.7516551485 65.4982688645 60.0892034376 95.3363117832 62.2631940007 86.8783978474 69.9152360348 90.3757466893 112.689940854 140.22741462 135.526264398 54.1526909867 54.4724178718 89.6677363994 133.911518314 118.557027745 115.660510901 117.07173687 146.259749492 130.726572652 112.15717029 69.1745801522 113.043580087 97.0340822301 129.895257025 147.64256076 68.3921354451 98.449262486 85.6570103307 59.7435007009 146.59452209 66.8789711074 91.0696478146 96.8743082523 65.8351888551 57.0261031519 137.30776035 94.8590516213 107.726960468 146.570928688 59.5110168593 106.666222179 71.7970452294 112.960615872 88.1347775959 141.990074132 136.653607658 100.166524256 114.525486831 128.177631306 51.8128248747 64.7361125709 133.654441751 139.340981744 147.833813486 50.8370511987 126.596128811
148.002381179 104.188074377 58.5698063233 83.1065595349 93.7268889896 145.211409713 85.9641759978 131.532469016 136.612349798 119.607466422 89.1487147162 75.3814395581 67.9396479451 73.8227211381 93.1740044755 0.0 56.131941167 61.8773767401 98.2808669522 125.841120881 119.151727617 72.8160560718 106.471937781 76.4172961845 144.844779276 76.719406429 83.7800269261 80.8444161755 93.9275405303 130.311410014 116.517892245 129.517696006 88.1424326743 97.3854873378 126.136693914 64.7636117772 149.880949091 125.842246992 78.8009973687 102.292694433 107.059329581 130.52190954 122.746714982 74.7419822164 90.7574422597 60.7488537634 58.4504388476 93.9531784024 60.2669785843 90.7027621506 112.721281326 79.7330334235 95.1866428131 118.944210053 90.8782452154 67.7494271191 91.6434454944 124.241909244 80.911864546 116.822971925 82.6975879751 123.976948133 107.987718654 128.80293009 100.815566648 68.9649993361 112.413916454 53.6144059097 110.421327018 135.221859491 64.9853389124 145.564241126 79.7371382197 143.301216449 72.7633082726 120.453255188 132.955375379 82.2337595589 110.547365843 106.799322414 65.9610381158 133.08953597 110.757712821 52.2963810001 122.306404634 138.283455219 105.203799281 65.6934411876 110.3604478 143.802886898 136.015516424 124.107303246 126.419615108 87.401087994 131.822868468 99.4700947181 107.623996632 132.784146399 50.2617123034 75.6924708151
80.5901261675 50.1298437913 57.1670293603 118.020623201 55.8072030404 96.5975844105 122.179181551 130.768355824 57.0807553655 111.719452295 71.8556512445 131.447023108 85.034429535 79.370076812 85.4620641096 56.131941167 0.0 113.420355915 98.5635593861 148.84582515 133.83468112 113.001488603 83.3139167235 124.461094096 100.075246735 83.6520592247 93.5483023182 71.0914646823 67.1263418842 113.174638197 118.835588736 147.39039469 111.998798128 106.474089109 140.552399712 79.4216371267 76.5699383309 65.0082458845 87.0344200051 51.5846875988 104.012562676 75.7014453631 85.620805988 80.2550615731 138.795659257 134.130446359 132.859639837 83.2737222253 142.007521474 104.617374363 148.32365334 107.269569327 79.1775769813 70.5503950349 55.4500777784 125.301603371 94.5559926668 64.4386210144 80.2239824448 90.6082207852 75.8387680754 141.410854433 133.360516073 116.443158935 134.227237177 60.3186527135 126.634918971 106.771040315 143.742715711 144.282848048 148.761669961 129.645906725 99.9784723949 141.966684831 93.0114557595 99.41429579 65.6449502264 81.3017260418 88.3367558831 66.1008186662 91.2167434506 108.469212033 56.9728043366 74.8665033485 68.0839684983 123.962746198 94.7541432564 101.873619073 87.9057644299 92.8076035798 143.422967983 69.2770097916 98.4583237949 131.80596581 63.5730801364 119.151354059 54.7226144884 135.706147262 147.593123901 56.6731264672
66.1866731178 58.7630365854 102.619187745 124.845800687 71.5490074321 143.316383694 67.3608671415 69.7315987003 73.2569037112 136.648898165 67.1844728832 145.296950898 145.351169106 139.902680036 131.835010463 61.8773767401 113.420355915 0.0 78.2241638748 86.7180341725 56.925862196 147.686464025 108.764301022 109.745359048 55.8550266391 116.588858715 108.915805875 114.868065396 113.771691245 99.1629597045 140.10391001 125.596393625 57.2089691846 65.136477099 59.2940990583 87.6361444452 135.783215696 109.108590071 127.749267263 73.6120146208 119.880955618 86.1613488822 100.735519183 85.8043644044 56.3058600587 130.610140955 141.347196284 128.634075558 65.1905380089 149.814926633 113.236896607 131.617345478 80.858190798 50.7219668356 73.5787890656 97.3635542823 81.5585949267 124.014328327 68.8078244194 111.626658259 70.143480148 56.2463170004 126.907371294 143.947274988 134.951823433 114.413806634 132.419691475 112.009631959 127.086694392 132.84211801 109.536679612 54.3684347423 66.7872951554 106.353031235 116.815609086 63.1799337271 79.013139157 62.3906387544 62.0098344981 137.930184801 103.472130936 68.8448570625 122.695571095 118.073147163 109.989267672 139.419537839 107.926820444 135.818957635 128.693831991 105.843007358 110.894475983 54.5297213207 135.250242056 120.303974012 111.669478561 109.566370972 66.0427898103 54.4939318207 94.8710738813 145.041811255
89.5417834062 146.950861013 82.4579068815 103.200978 73.9830942223 140.087928807 138.878232888 79.5640386664 103.127571755 137.382558027 81.3066975895 90.3720455721 148.951956757 111.521891765 132.54630095 98.2808669522 98.5635593861 78.2241638748 0.0 85.7515761548 71.2414063076 117.832853084 55.5573218326 80.2992219424 80.6801193254 102.202542354 103.18629662 103.336038939 53.7913439851 106.549364618 122.521577234 126.623746194 127.033832744 105.932568195 70.1007333935 92.4026551224 146.180090756 76.8427937652 108.930639837 117.784606006 73.8460692309 60.3956328588 97.8488014879 113.995669766 129.482589556 149.113387314 117.739492867 105.389418879 101.369900823 134.345648494 92.2453427366 106.16899364 87.9786321482 95.2249162979 147.862251068 110.023305262 133.364104365 124.003287384 149.463431954 83.0828735107 93.6960000866 136.331774905 89.6484185538 87.9434989165 124.83594456 143.632073477 58.6512884749 138.341002938 103.251736138 127.127997051 130.080358435 53.3823393884 74.6163090063 108.622323776 88.4762620002 123.302548698 76.3491761869 81.473126434 108.395950081 139.956576117 108.401448901 77.4934306067 107.594456194 112.626878687 110.209295389 74.7105748581 116.874020706 113.908883736 141.513698062 107.677510584 143.45352753 126.851927364 66.0403106786 90.566331902 50.8799763781 111.485248868 121.885077902 96.0476097307 135.884821251 125.891622805
65.9734415194 95.6820322163 120.541461475 67.3872685872 71.1322195683 111.23478526 110.433663512 85.8913641002 147.633487967 124.564077819 147.449576165 149.925185064 108.670005819 68.6727634668 63.6447917953 125.841120881 148.84582515 86.7180341725 85.7515761548 0.0 134.932766716 63.2461056724 71.1177690349 115.418971756 134.315092423 75.1019643673 143.160720024 105.366572754 111.382328795 125.49780054 145.657867805 82.7394252368 110.862947777 66.2745605086 96.3159241784 94.4146685876 56.9990864611 91.4413887528 57.0874522212 76.1420619741 143.610183534 129.844215381 140.234477739 126.162862025 104.388402652 90.4474257121 149.343230747 83.4318635222 50.7244021775 75.7783650352 132.605706392 95.8022759538 142.412664284 146.620695835 89.7420305189 114.948500674 139.618916181 117.907537546 55.3127080746 95.2231606831 129.296463368 77.5521673488 144.928571538 141.726957636 80.0599308555 99.9210351618 145.905058775 104.159818556 127.503092463 116.731009204 72.0654276854 112.650307716 74.7466666494 50.0409231106 149.606023375 147.867889199 133.73558245 124.721018473 56.8130357535 76.706372112 60.556663684 55.7600576757 55.1118420442 62.4365876803 57.2026652772 72.6716283983 81.0769305902 93.3684379526 135.216935428 97.1991089115 56.1991867999 68.8161919869 92.1830017148 88.6880576117 73.6418967945 52.8435633832 138.435650406 87.1376749673 106.201903273 83.6575901546
104.551837384 128.570369385 117.747175256 101.411181577 65.1959614594 54.5880877333 119.365106964 134.993894334 61.3888913961 108.589766159 70.542884743 54.7904956455 134.698132989 92.9531200714 69.1590739867 119.151727617 133.83468112 56.925862196 71.2414063076 134.932766716 0.0 107.077465871 63.6903167784 138.125961812 143.623575367 73.9715236323 63.7756717409 85.0523737495 126.514988246 104.850086915 79.1014045954 100.531849975 106.90192304 104.854132331 73.0216425131 86.4063890736 99.4172826284 133.054124132 119.288962335 66.291559509 64.7116242829 133.403289208 55.404156298 115.344276328 136.324803943 120.848646223 136.723931867 96.5430726352 84.8525788837 146.373107569 143.299355452 132.638450995 111.504736406 89.3375386494 87.5937766331 135.476331454 77.4105582625 58.3367962327 59.8811560032 68.9888221782 142.034307291 137.802046495 138.697006125 65.5559308805 143.075512857 135.642421903 61.4553512442 146.609893919 147.402275054 63.7997874126 74.0754165782 138.207298327 98.5797443116 73.0125345058 59.6993626917 141.680238256 93.7283902473 76.481824069 78.723034422 137.38037313 142.872594534 134.072680056 98.7495138174 76.0399092343 105.362726047 136.593236242 123.833256432 132.229840967 143.782969701 53.5056417225 68.6225870269 76.8525370798 56.1914225271 146.063962046 54.9244010126 57.4792957639 70.6261132233 142.28460488 82.8969894622 136.03035918
116.497367624 113.537810538 66.5852949547 85.7449445643 140.805964104 116.115190375 83.5016332638 85.3429092189 97.4074826849 68.2871783486 75.9808874372 123.532378618 55.10324545 50.3038829443 86.7968735067 72.8160560718 113.001488603 147.686464025 117.832853084 63.2461056724 107.077465871 0.0 57.5121023453 73.36082937 144.568895405 109.980613715 114.289658062 148.702139213 121.648347596 94.5350715469 59.5524695225 131.843100918 128.323800511 123.276088224 125.935760409 148.00934876 147.401846249 138.644712425 107.818992339 102.800164074 126.832454661 51.168048718 122.766835393 116.751636832 73.6391217062 123.504350778 124.125154425 85.0665143376 106.96981122 88.6654651921 110.920032966 86.956740867 101.278944033 141.210493044 126.581497376 109.968552153 85.2684854357 58.3511872058 131.024978815 97.3911836544 95.8975976453 132.732460411 75.0550028831 128.700928106 95.7347704288 102.295545891 146.933416901 130.209913933 105.351176167 140.029371341 111.299220301 134.641662177 85.7551260623 100.573996328 141.261593786 136.012548885 71.8047031628 76.4993737437 139.508375457 61.5774571561 76.1654642593 96.7545861306 63.2961439422 81.8387145104 106.443539406 135.544230827 105.216010383 145.764048294 103.126473349 72.8430722136 88.4131447495 62.0223164004 92.076126054 67.4264827623 122.887927074 67.5378724529 58.0147794062 80.1551487755 129.045823072 104.472196836
106.444769454 91.3572093259 118.947555749 73.8202702185 86.0906931172 60.8464970319 69.9899198888 60.5615908686 133.636174215 91.3466124025 101.500090427 139.3685379 143.607108119 133.718969286 90.8665999475 106.471937781 83.3139167235 108.764301022 55.5573218326 71.1177690349 63.6903167784 57.5121023453 0.0 113.278184748 137.873060027 91.5819244147 88.4240303127 139.344506325 60.491099461 83.1352234426 51.7872408555 95.248098902 136.129081947 99.0438219999 63.5671244637 96.1896556265 77.6325044495 119.165220921 78.3219908123 106.021553668 96.1460515323 87.2781406133 130.638414928 91.7469621117 58.7275085919 101.16899017 115.312680863 133.110751807 82.7503658624 119.524134071 59.5044042749 100.010283822 74.1397096653 81.4867091617 51.7068415177 50.1775911972 138.697889221 80.5118268757 140.308395185 57.5939502842 96.9751934356 123.013718559 73.4205452379 68.7277919597 82.5570212961 144.285167351 121.690297197 136.236534177 79.6090658354 126.90197841 63.4498918571 88.3287999239 102.774380208 139.135094742 132.68835468 55.05277999 102.731452022 117.787619251 100.713668764 63.7548591373 61.2488332534 68.9031752191 121.401716924 56.0679527086 99.8733784413 80.6438862538 132.334308818 62.2419482739 119.786189516 51.9691984675 57.8771459032 61.5563767856 101.6201024 122.498087302 125.989992174 133.992229177 129.424845912 54.5224416099 144.774531711 91.4177275048
66.7164949935 110.217785898 127.489499253 136.175629561 63.4702330331 86.211741541 87.1655842685 111.514914453 89.8090332554 53.1010588122 141.804821213 90.0363561307 95.0066242179 135.935549806 95.7841993421 76.4172961845 124.461094096 109.745359048 80.2992219424 115.418971756 138.125961812 73.36082937 113.278184748 0.0 96.5393277669 108.428652123 95.7208238398 111.04629645 123.534781781 108.356337848 93.9072150708 63.3131944189 125.761645124 91.5675915782 73.4078779614 118.38771383 80.2861220197 97.1386075347 130.113894374 50.281942669 120.940958538 125.6049439 103.266457083 137.223620123 85.5059016689 90.124724566 68.0219070854 64.6194205948 52.2222935589 127.776207397 110.125867162 89.476248941 136.190939569 147.680355069 104.649955086 146.809904888 130.945143744 134.927894104 137.669547628 57.1195179609 133.176191983 64.1463455573 63.8007262033 110.176708938 143.456553175 92.2584546668 148.362708427 94.5708730599 80.027132537 54.9002691556 78.1550962677 143.122790422 78.0637190295 78.655166451 114.273384866 86.1596999751 145.272951182 100.721369758 72.9859026181 57.5844723317 87.2023129073 128.67770779 79.8603411864 70.9661249568 114.348373409 78.3958680175 61.6722991851 143.454204138 66.9661466087 65.6462775973 124.393475174 125.483293998 129.476305585 120.450311119 134.112359414 140.25273585 52.361768217 122.837539801 133.107135192 123.372936118
111.679152171 129.42023952 66.968552995 56.0726101975 133.81900161 87.623740888 60.1098087869 65.4428565937 112.073538409 129.221519995 129.962934288 79.2607823137 142.629166464 69.2214208853 90.939398236 144.844779276 100.075246735 55.8550266391 80.6801193254 134.315092423 143.623575367 144.568895405 137.873060027 96.5393277669 0.0 52.1533482019 91.4966148246 92.1866478439 67.4204374275 102.076964085 146.730808746 62.8215939537 118.510065101 121.78182307 87.1256038267 81.1302668014 80.8982041134 131.07910797 133.155800592 136.402816693 111.58482468 51.9441709456 108.280261818 71.3069280106 50.3367101605 60.3780358657 104.701715712 75.8147715637 127.357171154 117.960586954 93.2030808153 113.068248967 98.5504170537 66.5523500571 104.296482125 57.010608076 138.754095858 97.7172321286 77.5742897193 95.0110832302 90.4326072802 86.4530425431 51.4256349282 143.541464885 123.7826525 73.2756110605 138.972419367 139.740445923 121.098914549 72.9840294591 87.0887225617 139.365869872 147.674707216 100.799143292 69.3227870469 53.5084676776 88.0320910769 56.9945378743 122.585881228 82.7655742064 124.793061556 70.3609802765 63.3955567168 101.82179499 127.575726847 83.3943940504 93.5067233984 53.9316348455 126.763717523 102.846601056 140.895182763 129.181594367 58.0162633634 124.569201333 101.397545908 59.1498461454 98.467706218 136.896250178 112.642089236 123.505181828
70.6559419472 108.342756827 120.176772065 145.960693204 100.698307527 114.142283909 56.8977001302 82.1948785455 55.9438431356 130.037841474 85.1702129638 135.554105573 102.266179834 56.4769527234 103.155759466 76.719406429 83.6520592247 116.588858715 102.202542354 75.1019643673 73.9715236323 109.980613715 91.5819244147 108.428652123 52.1533482019 0.0 118.019291804 120.556736164 132.521854029 50.8586872867 91.8622944044 138.820905147 116.259373287 100.060954237 104.96363791 139.304673581 123.328956651 120.051322081 135.185045887 115.617203435 65.0673418071 52.2920188387 118.024439224 116.434079945 55.3316380412 92.1348668987 54.6059825284 119.409517651 84.9632690463 129.559157775 79.1151702271 133.750203624 149.183284619 67.3938693804 126.010070052 80.4866450326 84.7226350194 51.6647590815 94.6470937642 135.677469435 104.673484909 112.189269764 139.734476738 63.2915191689 104.391395387 95.8141287867 119.390687119 137.063142177 125.85590339 79.9856286867 105.473433801 130.769040295 120.670969745 92.2413299592 112.62872875 62.3616660231 132.240010145 124.985972882 131.051904921 69.1383158823 132.706421805 90.5666370453 90.1559997454 76.380846701 73.5473539974 91.1121775415 80.3117484005 135.878494409 122.317097006 91.4815251467 115.0902373 54.927777359 57.2506566751 72.167888366 65.3457683158 124.786754832 99.9166748684 71.2134912993 68.0564269279 122.575538034
